   PDB_ID Spacegroup  Calculated Structure Weight (kDa)        a        b        c  alpha    beta  gamma  UnitCellVolume  CrystalVolume  VolumeToUnitCellVolRatio  Mean Intensity  Max Intensity  Min Intensity  Max-Min Intensity Difference  Mean Phase  Max Phase  Min Phase  Max-Min Phase Difference
0    2G1U       P121                          16.216066   47.859   35.140   56.579   90.0  111.85   90.0    9.515260e+04   8.831697e+04                  0.928161      126.388668         2788.7            0.0                        2788.7    3.933058      180.0     -180.0                     360.0
1    1RV8       P121                         137.999404   99.354   57.629  138.577   90.0   90.23   90.0    7.934464e+05   7.934400e+05                  0.999992      228.525074         3793.5            0.1                        3793.4    2.135394      180.0     -180.0                     360.0
2    2GSV       P121                          16.002983   51.048   31.645   53.357   90.0   94.63   90.0    8.619364e+04   8.591237e+04                  0.996737      170.940267         3749.9            0.0                        3749.9    2.097281      180.0     -180.0                     360.0
3    2QC7       P121                          46.425006   58.044   68.025   70.088   90.0  107.46   90.0    2.767385e+05   2.639882e+05                  0.953927      293.311084         6478.5            0.0                        6478.5    1.914883      180.0     -180.0                     360.0
4    2X1P       P121                          59.956027   55.948   59.342   81.651   90.0   90.01   90.0    2.710867e+05   2.710867e+05                  1.000000      110.266141         2955.7            0.0                        2955.7    3.903966      180.0     -180.0                     360.0
5    1ZYK       P121                         149.440473   92.556   66.099  117.069   90.0  107.76   90.0    7.162116e+05   6.820788e+05                  0.952343      100.107214         1389.8            0.1                        1389.7    3.648835      180.0     -180.0                     360.0
6    1KYW       P121                         113.634084  104.473   61.996  112.213   90.0  111.27   90.0    7.267933e+05   6.772851e+05                  0.931881      233.323206         3647.0            0.0                        3647.0    3.140909      180.0     -180.0                     360.0
7    2RKJ       P121                         613.134048  231.063  123.525  235.231   90.0   90.26   90.0    6.713977e+06   6.713908e+06                  0.999990      254.469847         3426.6            0.0                        3426.6    2.635433      180.0     -180.0                     360.0
8    2YMW       P121                         159.021878   70.680  127.883  106.897   90.0  107.18   90.0    9.662174e+05   9.231063e+05                  0.955382       65.959599         1865.0            0.1                        1864.9    4.323931      180.0     -179.9                     359.9
9    1LF3       P121                          36.102241   53.411   39.904   91.409   90.0  105.11   90.0    1.948211e+05   1.880856e+05                  0.965427      260.136268         7299.2            0.0                        7299.2    1.626455      180.0     -180.0                     360.0
10   3FRY       P121                          15.330855   40.131   35.989   51.262   90.0  104.89   90.0    7.403640e+04   7.155033e+04                  0.966421      158.981860         2003.7            0.2                        2003.5    3.614861      180.0     -180.0                     360.0
11   3BFX       P121                          64.457477   48.824   40.536  154.612   90.0   91.83   90.0    3.059972e+05   3.058411e+05                  0.999490      113.949095         2723.2            0.0                        2723.2    2.577551      180.0     -180.0                     360.0
12   1ZXY       P121                         141.874268   92.694   65.806  116.722   90.0  107.80   90.0    7.119833e+05   6.779003e+05                  0.952129      138.197962         4523.7            0.1                        4523.6    1.924553      180.0     -180.0                     360.0
13   2Y6S       P121                          88.773962   89.554   68.376   92.827   90.0  112.50   90.0    5.684117e+05   5.251439e+05                  0.923880       88.760439         2356.3            0.0                        2356.3    3.430214      180.0     -180.0                     360.0
14   2W9S       P121                         108.657093  115.242   67.375  115.249   90.0  120.00   90.0    8.948428e+05   7.749566e+05                  0.866025      331.683083         5386.5            0.0                        5386.5    2.833240      180.0     -180.0                     360.0
15   3GVC       P121                          96.890566   81.690   51.380  118.840   90.0   94.50   90.0    4.987991e+05   4.972614e+05                  0.996917      245.471652         3568.9            0.3                        3568.6    4.392853      180.0     -180.0                     360.0
16   1ZXK       P121                          22.514115   46.196   39.934   66.439   90.0  110.68   90.0    1.225661e+05   1.146688e+05                  0.935567      155.411263         1393.6            0.1                        1393.5    2.850684      180.0     -180.0                     360.0
17   2O3F       P121                          28.212080   58.898   48.060   58.854   90.0  119.92   90.0    1.665944e+05   1.443911e+05                  0.866723      135.079160         6703.4            0.0                        6703.4    2.069651      180.0     -180.0                     360.0
18   1ZMH       P121                          15.113252   42.038   26.051   61.587   90.0  105.79   90.0    6.744589e+04   6.490085e+04                  0.962266      161.267175         2549.4            0.1                        2549.3    3.325717      180.0     -180.0                     360.0
19   2HOD       P121                         295.219412   81.647   47.069  431.460   90.0   90.06   90.0    1.658119e+06   1.658118e+06                  0.999999      201.095630         4206.0            0.1                        4205.9    2.254225      180.0     -180.0                     360.0
20   1LF4       P121                          38.514935   52.659   39.567   90.532   90.0  105.54   90.0    1.886287e+05   1.817332e+05                  0.963444      323.464940         5991.8            0.1                        5991.7    2.869839      180.0     -180.0                     360.0
21   1KBL       P121                         104.175911   89.837   58.838  102.949   90.0   94.84   90.0    5.441709e+05   5.422304e+05                  0.996434      204.586346         5839.9            0.0                        5839.9    3.120446      180.0     -180.0                     360.0
22   3DQP       P121                          29.707149   50.567   34.790   66.379   90.0  102.91   90.0    1.167757e+05   1.138238e+05                  0.974722       42.667633          644.7            0.5                         644.2    7.336651      180.0     -180.0                     360.0
23   2YY5       P121                         153.267232   88.163   52.109  194.092   90.0   96.05   90.0    8.916753e+05   8.867089e+05                  0.994430      117.395193         3927.8            0.1                        3927.7    4.179511      180.0     -180.0                     360.0
24   2P85       P121                         311.304453  121.320  110.280  142.000   90.0  110.28   90.0    1.899842e+06   1.782071e+06                  0.938010       96.145592         1993.1            0.0                        1993.1    3.743413      180.0     -180.0                     360.0
25   1YBT       P121                          69.188663   90.704   44.386   80.425   90.0   90.00   90.0    3.237901e+05   3.237901e+05                  1.000000      226.247754         6808.7            0.1                        6808.6    1.082316      180.0     -180.0                     360.0
26   1YBU       P121                          69.578305   91.067   48.923   68.198   90.0   90.00   90.0    3.038406e+05   3.038406e+05                  1.000000      214.072426         5066.0            0.0                        5066.0    2.150002      180.0     -180.0                     360.0
27   1XPP       P121                          49.738420   59.700   69.424   66.293   90.0  116.77   90.0    2.747588e+05   2.453107e+05                  0.892822      227.265316         3404.6            0.1                        3404.5    1.917707      180.0     -180.0                     360.0
28   2Q33       P121                          11.206162   40.400   32.940   41.110   90.0   96.73   90.0    5.470820e+04   5.433123e+04                  0.993109      215.676418         3980.9            0.0                        3980.9    2.330557      180.0     -180.0                     360.0
29   2HPC       P121                         295.091420   81.677   46.069  429.901   90.0   89.99   90.0    1.617622e+06   1.617622e+06                  1.000000      230.450720         3814.1            0.1                        3814.0    2.395918      180.0     -180.0                     360.0
30   1VFG       P121                          98.283651  109.476  125.900   58.920   90.0   90.00   90.0    8.120960e+05   8.120960e+05                  1.000000      100.154359         1061.2            0.5                        1060.7    5.082893      180.0     -180.0                     360.0
31   2H3R       P121                          36.447765   54.926   49.240   88.915   90.0  105.61   90.0    2.404756e+05   2.316058e+05                  0.963116      124.873648         3973.1            0.0                        3973.1    3.052868      180.0     -180.0                     360.0
32   1HUU       P121                          26.717561   65.500   37.300   65.500   90.0  114.50   90.0    1.600263e+05   1.456178e+05                  0.909961      193.674542         1920.0            0.3                        1919.7    2.955572      180.0     -180.0                     360.0
33   3AH3       P121                         138.298549   83.335   61.737  170.054   90.0   98.28   90.0    8.749028e+05   8.657829e+05                  0.989576      128.695948         2881.8            0.2                        2881.6    3.347620      180.0     -180.0                     360.0
34   3H6W       P121                          66.384563   47.010   47.179  118.412   90.0   91.88   90.0    2.626242e+05   2.624828e+05                  0.999462      222.353302         9770.8            0.0                        9770.8    1.312523      180.0     -180.0                     360.0
35   3CH1       P121                         176.320797  104.500  105.400  126.690   90.0   90.08   90.0    1.395402e+06   1.395400e+06                  0.999999      234.346133         4436.7            0.0                        4436.7    2.314307      180.0     -180.0                     360.0
36   2Q3Q       P121                         425.653568   45.681   34.261   78.597   90.0   90.01   90.0    1.230103e+05   1.230103e+05                  1.000000      447.194827        11499.5            0.1                       11499.4    1.240710      180.0     -180.0                     360.0
37   2FIO       P121                          52.035150   52.400   27.800  192.800   90.0   97.40   90.0    2.808556e+05   2.785164e+05                  0.991671      121.887274         2214.3            0.0                        2214.3    3.225034      180.0     -180.0                     360.0
38   2ZNZ       P121                         129.015077   98.230  102.340  104.050   90.0  118.05   90.0    1.046000e+06   9.231342e+05                  0.882538      334.455761         7072.0            0.1                        7071.9    1.373569      180.0     -180.0                     360.0
39   1AHW       P121                         129.995616  142.304   73.312  115.826   90.0   90.89   90.0    1.208365e+06   1.208219e+06                  0.999879      169.361296         2716.2            0.1                        2716.1    2.725942      180.0     -180.0                     360.0
40   1HCJ       P121                         105.558889   71.770   65.670  110.500   90.0  103.88   90.0    5.208015e+05   5.055943e+05                  0.970800      120.212129         6393.4            0.0                        6393.4    2.064381      180.0     -180.0                     360.0
41   3FL9       P121                         148.727437   67.930   67.610  167.000   90.0   90.12   90.0    7.669888e+05   7.669871e+05                  0.999998      117.103658         3781.2            0.0                        3781.2    2.583763      180.0     -180.0                     360.0
42   1GH4       P121                          15.010367   39.100   24.350   67.110   90.0  102.15   90.0    6.389442e+04   6.246319e+04                  0.977600      169.090403         4499.6            0.1                        4499.5    2.851506      180.0     -180.0                     360.0
43   2B2X       P121                         126.527518  106.120   43.680  153.880   90.0  104.10   90.0    7.132833e+05   6.917935e+05                  0.969872      250.358738         3860.8            0.2                        3860.6    2.346705      180.0     -180.0                     360.0
44   2OC6       P121                          30.060521   48.782   46.903   64.568   90.0  110.05   90.0    1.477330e+05   1.387795e+05                  0.939394      191.212263         4893.1            0.0                        4893.1    1.515737      180.0     -180.0                     360.0
45   2ZOL       P121                          81.069905   83.561   71.033   86.999   90.0  103.45   90.0    5.163903e+05   5.022274e+05                  0.972573      178.253268         2600.5            0.1                        2600.4    3.862801      180.0     -180.0                     360.0
46   1GGO       P121                          93.112197   89.730   58.660  102.780   90.0   95.58   90.0    5.409889e+05   5.384254e+05                  0.995261      151.909859         3429.4            0.0                        3429.4    3.304747      180.0     -180.0                     360.0
47   3F9Q       P121                          37.228926   52.659   39.567   90.532   90.0  105.54   90.0    1.886287e+05   1.817332e+05                  0.963444      127.251869         1264.5            0.0                        1264.5    5.514777      180.0     -179.9                     359.9
48   2XME       P121                         271.952018   86.030  127.550  141.480   90.0   90.56   90.0    1.552478e+06   1.552404e+06                  0.999952      275.725507         9878.9            0.0                        9878.9    0.885743      180.0     -180.0                     360.0
49   1O17       P121                         152.971142   92.340   65.850  116.440   90.0  107.56   90.0    7.080238e+05   6.750310e+05                  0.953402      199.212861         8252.0            0.0                        8252.0    1.997107      180.0     -180.0                     360.0
50   2DIK       P121                          90.146347   89.800   58.800  102.000   90.0   94.80   90.0    5.385845e+05   5.366956e+05                  0.996493      146.668297         3136.6            0.0                        3136.6    1.959153      180.0     -180.0                     360.0
51   2J0V       P121                          77.364780   76.760   30.200  139.360   90.0  100.06   90.0    3.230577e+05   3.180908e+05                  0.984625      165.870690         2624.6            0.0                        2624.6    1.583757      180.0     -180.0                     360.0
52   1MQD       P121                         149.957696  105.445   47.505  123.920   90.0  113.70   90.0    6.207357e+05   5.683845e+05                  0.915663      241.290412         3668.5            0.3                        3668.2    2.621930      180.0     -180.0                     360.0
53   2WK1       P121                          30.144170   51.813   46.038   61.220   90.0  104.97   90.0    1.460322e+05   1.410760e+05                  0.966061      165.943627         3436.4            0.1                        3436.3    3.476195      180.0     -179.9                     359.9
54   2GVQ       P121                         143.080446   91.814   65.621  115.607   90.0  107.39   90.0    6.965237e+05   6.646873e+05                  0.954293      170.485208        10737.8            0.0                       10737.8    2.851051      180.0     -180.0                     360.0
55   3H5Q       P121                          49.627482   51.591   40.885  105.578   90.0   97.19   90.0    2.226955e+05   2.209443e+05                  0.992137       85.281576         2468.0            0.0                        2468.0    5.263118      180.0     -180.0                     360.0
56   1L8W       P121                         121.241558   85.171   59.178  116.149   90.0  104.58   90.0    5.854199e+05   5.665677e+05                  0.967797       92.056173         1734.8            0.1                        1734.7    2.797738      180.0     -180.0                     360.0
57   2ZBC       P121                          72.952002   61.367   61.785   90.487   90.0   94.47   90.0    3.430869e+05   3.420433e+05                  0.996958      184.203746         3914.3            0.0                        3914.3    2.318290      180.0     -180.0                     360.0
58   1VJH       P121                          26.603348   45.681   34.261   78.597   90.0   90.01   90.0    1.230103e+05   1.230103e+05                  1.000000      126.658231         2861.9            0.1                        2861.8    3.314601      180.0     -180.0                     360.0
59   1Y5X       P121                          78.365109   71.110   64.210   88.080   90.0   95.11   90.0    4.021709e+05   4.005725e+05                  0.996026      173.272835         2006.9            0.0                        2006.9    3.801915      180.0     -180.0                     360.0
60   3CJT       P121                         314.260333   69.822   69.943  379.007   90.0   90.47   90.0    1.850903e+06   1.850841e+06                  0.999966      285.119923         5111.4            0.0                        5111.4    2.600959      180.0     -180.0                     360.0
61   1VGL       P121                          42.963767   63.740   33.410   93.740   90.0  100.12   90.0    1.996243e+05   1.965186e+05                  0.984442      116.690024         1595.0            0.1                        1594.9    3.849857      180.0     -180.0                     360.0
62   2QGG       P121                          19.516362   44.899   37.588   69.200   90.0   97.23   90.0    1.167863e+05   1.158577e+05                  0.992049      220.414752         4107.9            0.0                        4107.9    2.324560      180.0     -180.0                     360.0
63   1E0F       P121                         112.136613  121.670   50.570  129.740   90.0  114.76   90.0    7.982710e+05   7.248860e+05                  0.908070       72.804707         1393.3            0.0                        1393.3    4.140482      180.0     -180.0                     360.0
64   2WFE       P121                         102.290040  101.060   43.040  122.170   90.0  107.57   90.0    5.313934e+05   5.066033e+05                  0.953349      258.241657         4104.0            0.1                        4103.9    2.250893      180.0     -180.0                     360.0
65   1Y99       P121                          15.532574   45.698   31.422   51.188   90.0  115.82   90.0    7.350200e+04   6.616406e+04                  0.900167       80.295357         3043.7            0.0                        3043.7    1.988001      180.0     -180.0                     360.0
66   1IJY       P121                          30.937245   55.690   36.370   57.940   90.0   98.82   90.0    1.173543e+05   1.159666e+05                  0.988175       96.192450         3728.5            0.0                        3728.5    1.263125      180.0     -180.0                     360.0
67   1YM7       P121                         262.420154  115.162   82.156  218.795   90.0   95.57   90.0    2.070074e+06   2.060300e+06                  0.995278      208.871794         7143.9            0.1                        7143.8    2.010516      180.0     -180.0                     360.0
68   3CDK       P121                          88.580164   69.337   70.404   97.996   90.0  106.31   90.0    4.783775e+05   4.591258e+05                  0.959756      156.211934        13829.7            0.0                       13829.7    1.078360      180.0     -180.0                     360.0
69   3CEX       P121                          38.893552   55.191   55.137   62.429   90.0  108.20   90.0    1.899756e+05   1.804715e+05                  0.949972      159.803201         5556.1            0.0                        5556.1    2.161308      180.0     -180.0                     360.0
70   2QSC       P121                          45.113434   82.912   39.858   97.960   90.0  108.50   90.0    3.237290e+05   3.069999e+05                  0.948324       86.413214         1293.9            0.0                        1293.9    3.910362      180.0     -179.9                     359.9
71   2D5V       P121                          48.649330   73.020   38.958  106.500   90.0  107.63   90.0    3.029620e+05   2.887325e+05                  0.953032      151.535915         2710.6            0.1                        2710.5    3.320511      180.0     -180.0                     360.0
72   1KOG       P121                         445.122630  188.450  101.740  199.340   90.0  114.40   90.0    3.821926e+06   3.480566e+06                  0.910684      210.415387         6428.2            0.1                        6428.1    1.073849      180.0     -180.0                     360.0
73   1BR2       P121                         420.096234  134.010  107.670  188.310   90.0   90.66   90.0    2.717098e+06   2.716918e+06                  0.999934      182.300426         2523.2            0.2                        2523.0    3.279989      180.0     -180.0                     360.0
74   1RVG       P121                         138.819424   99.860   57.550  138.617   90.0   90.26   90.0    7.966240e+05   7.966158e+05                  0.999990      118.685406         6781.4            0.0                        6781.4    2.042992      180.0     -180.0                     360.0
75   3HGJ       P121                         162.316370   98.703  101.169  101.336   90.0  114.32   90.0    1.011909e+06   9.221120e+05                  0.911260      195.822354         8676.4            0.1                        8676.3    2.062954      180.0     -180.0                     360.0
76   1IC1       P121                          41.579067   88.000   42.200   93.000   90.0  109.30   90.0    3.453648e+05   3.259556e+05                  0.943801      172.054858         6025.7            0.0                        6025.7    3.085722      180.0     -180.0                     360.0
77   3DGG       P121                          93.235387   78.225   52.142  112.123   90.0  103.14   90.0    4.573282e+05   4.453542e+05                  0.973817      112.582440         1231.7            0.5                        1231.2    5.718172      180.0     -180.0                     360.0
78   1GXB       P121                         142.245514   90.845   65.467  115.372   90.0  107.25   90.0    6.861576e+05   6.552942e+05                  0.955020      242.643421         6404.7            0.0                        6404.7    2.032764      180.0     -180.0                     360.0
79   1LDP       P121                          42.372649   72.400   48.980   84.060   90.0   97.95   90.0    2.980895e+05   2.952246e+05                  0.990389       98.710160         2308.7            0.1                        2308.6    2.771999      180.0     -180.0                     360.0
80   1HKN       P121                          83.450957   96.530   47.210   97.840   90.0  107.04   90.0    4.458746e+05   4.263009e+05                  0.956100      205.408427         3803.9            0.0                        3803.9    1.897936      180.0     -180.0                     360.0
81   1DIK       P121                          96.272085   89.800   58.800  102.000   90.0   94.80   90.0    5.385845e+05   5.366956e+05                  0.996493      128.266530         3125.1            0.0                        3125.1    3.285029      180.0     -180.0                     360.0
82   2UZZ       P121                         154.583794   88.188   89.809   91.915   90.0  104.75   90.0    7.279738e+05   7.039841e+05                  0.967046      279.562196         3793.0            0.2                        3792.8    2.344370      180.0     -180.0                     360.0
83   1XTF       P121                          95.960475   57.900   40.490  195.890   90.0   90.25   90.0    4.592388e+05   4.592345e+05                  0.999990      264.268742         6299.5            0.1                        6299.4    1.042571      180.0     -180.0                     360.0
84   3BGU       P121                          24.745169   44.070   35.270   76.630   90.0  104.09   90.0    1.191098e+05   1.155263e+05                  0.969915      235.685020         4077.1            0.1                        4077.0    2.290545      180.0     -180.0                     360.0
85   2CFY       P121                         297.631758   89.756  149.651  146.789   90.0   91.96   90.0    1.971681e+06   1.970527e+06                  0.999415      222.894979         6435.3            0.0                        6435.3    2.025830      180.0     -180.0                     360.0
86   1VL9       P121                          17.418569   36.934   23.863   65.931   90.0  101.47   90.0    5.810869e+04   5.694819e+04                  0.980029      283.530007        12474.8            0.0                       12474.8    1.197751      180.0     -180.0                     360.0
87   1ZCI       P121                          33.445401   50.437   31.762   87.287   90.0  104.78   90.0    1.398320e+05   1.352053e+05                  0.966912      126.004849         3691.1            0.0                        3691.1    3.028687      180.0     -180.0                     360.0
88   1D14       P121                           2.807954   17.730   19.130   26.360   90.0   98.01   90.0    8.940650e+03   8.853423e+03                  0.990244      150.264789         2996.2            0.1                        2996.1    2.761603      180.0     -180.0                     360.0
89   2DYY       P121                         151.062865   92.490   43.090  170.210   90.0   91.51   90.0    6.783539e+05   6.781184e+05                  0.999653       76.287363          840.7            0.4                         840.3    4.120417      180.0     -180.0                     360.0
90   3BFU       P121                         127.979579  104.750   47.520  124.330   90.0  113.54   90.0    6.188799e+05   5.673777e+05                  0.916781      155.824568         3591.3            0.3                        3591.0    2.019899      180.0     -180.0                     360.0
91   1IV7       P121                          22.649062   60.650   36.260   46.380   90.0   91.10   90.0    1.019975e+05   1.019787e+05                  0.999816       97.149521         4980.2            0.0                        4980.2    1.082015      180.0     -180.0                     360.0
92   1WIP       P121                          74.162076  100.500  123.400  100.600   90.0  103.40   90.0    1.247611e+06   1.213646e+06                  0.972776      175.020367         9943.3            0.0                        9943.3    2.909947      180.0     -180.0                     360.0
93   1KYZ       P121                         114.498233  103.729   61.865  111.229   90.0  112.18   90.0    7.137781e+05   6.609603e+05                  0.926002      108.459988         2017.6            0.0                        2017.6    3.666448      180.0     -180.0                     360.0
94   1ZT7       P121                          85.960544   85.135   72.628   88.793   90.0  111.24   90.0    5.490235e+05   5.117290e+05                  0.932071       99.837016         2934.9            0.0                        2934.9    2.784423      180.0     -180.0                     360.0
95   1JDE       P121                          90.012281   89.900   58.600  102.300   90.0   95.10   90.0    5.389307e+05   5.367971e+05                  0.996041      216.470124         2639.4            0.1                        2639.3    2.832752      180.0     -180.0                     360.0
96   1KC7       P121                          90.165728   89.210   58.420  102.550   90.0   94.99   90.0    5.344545e+05   5.324289e+05                  0.996210      191.189912         6992.5            0.1                        6992.4    2.212260      180.0     -180.0                     360.0
97   3HHV       P121                          11.950850   28.272   27.882   62.060   90.0   92.34   90.0    4.892065e+04   4.887986e+04                  0.999166      200.659387         5856.4            0.0                        5856.4    1.275021      180.0     -180.0                     360.0
98   2B69       P121                          38.937620   46.000   45.000   85.000   90.0   97.00   90.0    1.759500e+05   1.746385e+05                  0.992546       87.790823         3821.2            0.0                        3821.2    4.861071      180.0     -180.0                     360.0
99   1YDM       P121                          58.526113   85.302   44.276   85.296   90.0  104.99   90.0    3.221486e+05   3.111862e+05                  0.965971      118.997831         2802.2            0.1                        2802.1    3.890206      180.0     -180.0                     360.0