   PDB_ID  Spacegroup  Calculated Structure Weight (kDa)        a        b        c  alpha    beta  gamma  h  k  l  Common Max Reflection Intensity Value  UnitCellVolume  PackingDensity(Da/Ang^3)  Mean Intensity  Max Intensity  Min Intensity  Max-Min Intensity Difference  Mean Phase  Max Phase  Min Phase  Max-Min Phase Difference
0    1A80           0                          30.292432   35.700   55.800   74.700   90.0   92.20   90.0  6  1  2                                  152.8    1.486972e+05                  0.203719      111.888383         1590.1            0.1                        1590.0    4.065674      180.0     -180.0                     360.0
1    1AAN           0                          12.092850   28.950   56.540   27.550   90.0   96.38   90.0  6  1  2                                   63.0    4.481547e+04                  0.269837      180.007344         2320.8            0.6                        2320.2    3.417865      180.0     -180.0                     360.0
2    1A6M           0                          19.504510   63.800   30.810   34.350   90.0  105.80   90.0  6  1  2                                  117.1    6.496996e+04                  0.300208      142.505821         1874.6            0.5                        1874.1    3.568320      180.0     -179.9                     359.9
3    1ABB           0                         355.718008  119.000  188.100   88.100   90.0  109.29   90.0  6  1  2                                 7429.6    1.861310e+06                  0.191112      371.970057         5142.8            0.2                        5142.6    4.436917      180.0     -180.0                     360.0
4    1A42           0                          27.963040   42.700   41.700   73.000   90.0  104.60   90.0  6  1  2                                  221.7    1.257858e+05                  0.222307      535.531707         8359.5            0.1                        8359.4    1.067884      180.0     -180.0                     360.0
5    1A81           0                         160.894698   85.500  146.900   91.500   90.0   97.60   90.0  6  1  2                                 2407.4    1.139140e+06                  0.141242      245.421085         4473.0            0.3                        4472.7    2.879212      180.0     -180.0                     360.0
6    1AAZ           0                          22.986076   54.100   45.900   40.800   90.0   99.40   90.0  6  1  2                                  445.5    9.995372e+04                  0.229967      114.504429         1615.0            0.2                        1614.8    4.644937      180.0     -180.0                     360.0
7    1A6N           0                          19.472510   63.760   30.660   34.310   90.0  105.70   90.0  6  1  2                                   84.9    6.456965e+04                  0.301574      197.591047         6211.1            0.6                        6210.5    2.173920      180.0     -180.0                     360.0
8    105M           0                          18.488610   64.720   30.061   35.191   90.0  105.76   90.0  6  1  2                                  195.5    6.589200e+04                  0.280590      148.946168         3256.9            0.0                        3256.9    4.111801      180.0     -180.0                     360.0
9    1A7K           0                         146.803264   67.900   81.000  131.900   90.0   95.00   90.0  6  1  2                                 1241.7    7.226763e+05                  0.203138      181.702027         3300.1            0.0                        3300.1    3.948104      180.0     -180.0                     360.0
10   1ABW           0                          66.284690   62.900   81.980   53.920   90.0   98.99   90.0  6  1  2                                 1137.6    2.746252e+05                  0.241364      147.127325         1273.4            0.8                        1272.6    8.028888      180.0     -180.0                     360.0
11   1ALX           0                           4.405460   14.907   26.014   31.911   90.0   92.03   90.0  6  1  2                                   99.5    1.236702e+04                  0.356226      210.586744         4734.8            0.4                        4734.4    3.254980      180.0     -180.0                     360.0
12   1A6K           0                          19.552570   63.900   30.730   34.360   90.0  105.70   90.0  6  1  2                                   96.1    6.495369e+04                  0.301023      229.388724         4163.1            0.7                        4162.4    3.512846      180.0     -180.0                     360.0
13   153L           0                          21.855970   38.300   65.700   45.200   90.0  116.00   90.0  6  1  2                                  312.8    1.022263e+05                  0.213800      202.138857         2766.3            0.1                        2766.2    4.209546      180.0     -180.0                     360.0
14   104M           0                          19.512610   64.730   30.910   34.828   90.0  105.41   90.0  6  1  2                                  149.4    6.717881e+04                  0.290458      151.490501         2920.1            0.1                        2920.0    4.124664      180.0     -179.9                     359.9
15   12AS           0                          71.504388   53.000  126.130   52.860   90.0  105.59   90.0  6  1  2                                  272.1    3.403629e+05                  0.210083      133.991990         1755.8            0.2                        1755.6    5.317658      180.0     -180.0                     360.0
16   1ABR           0                          60.446856   84.580   73.070   48.230   90.0   96.20   90.0  6  1  2                                  469.9    2.963305e+05                  0.203985      109.547565         3960.7            0.0                        3960.7    2.813840      180.0     -180.0                     360.0
17   169L           0                          83.113150   40.400  112.300  135.200   90.0   91.70   90.0  6  1  2                                  513.1    6.131216e+05                  0.135557      136.810797         2262.6            0.1                        2262.5    1.959375      180.0     -180.0                     360.0
18   1A78           0                          28.913840   51.800   51.000   56.300   90.0   97.20   90.0  6  1  2                                  113.3    1.475605e+05                  0.195946      158.039294         2674.1            0.1                        2674.0    5.738913      180.0     -180.0                     360.0
19   1A4U           0                          54.168260   65.495   55.599   70.070   90.0  107.40   90.0  6  1  2                                  255.2    2.434810e+05                  0.222474      213.028002         2414.8            0.2                        2414.6    4.865226      180.0     -180.0                     360.0
20   1AMH           0                          46.312180   45.920   49.790   89.880   90.0   97.34   90.0  6  1  2                                  460.5    2.038138e+05                  0.227228      169.277645         2119.2            0.5                        2118.7    5.148979      180.0     -180.0                     360.0
21   1A7L           0                         115.201210   64.600   71.300  123.200   90.0   94.90   90.0  6  1  2                                 1146.6    5.653828e+05                  0.203758      128.553238         2566.9            0.1                        2566.8    3.946111      180.0     -180.0                     360.0
22   1A5D           0                          43.543720   37.760   43.710  107.440   90.0  108.54   90.0  6  1  2                                  281.9    1.681256e+05                  0.258995      220.317138         3851.5            0.4                        3851.1    1.114101      180.0     -180.0                     360.0
23   1AB1           0                           4.749346   40.759   18.404   22.273   90.0   90.70   90.0  6  1  2                                   50.1    1.670637e+04                  0.284284      153.356692         3062.1            0.7                        3061.4    2.302215      180.0     -180.0                     360.0
24   19HC           0                          82.156660   60.380  106.070   80.620   90.0  103.50   90.0  6  1  2                                  508.1    5.020650e+05                  0.163637       91.321457          959.3            0.4                         958.9    5.991792      180.0     -179.9                     359.9
25   1AAJ           0                          12.252850   28.950   56.540   27.550   90.0   96.38   90.0  6  1  2                                   93.2    4.481547e+04                  0.273407      168.869034         1617.5            0.1                        1617.4    2.451831      180.0     -180.0                     360.0
26   1ACB           0                          32.535090   55.300   59.400   42.500   90.0   99.10   90.0  6  1  2                                  582.2    1.378478e+05                  0.236022      122.196089          843.4            2.1                         841.3    3.180196      180.0     -180.0                     360.0
27   1A2Q           0                          28.818854   41.640   79.450   37.260   90.0  114.53   90.0  6  1  2                                  169.5    1.121416e+05                  0.256986      127.298584         1204.6            0.5                        1204.1    4.001299      180.0     -180.0                     360.0
28   154L           0                          22.154240   38.300   65.400   44.700   90.0  117.00   90.0  6  1  2                                  307.9    9.976195e+04                  0.222071       95.762139         1147.6            0.2                        1147.4    4.483774      180.0     -180.0                     360.0
29   1A0O           0                          78.859260   53.900  156.970   65.970   90.0   91.70   90.0  6  1  2                                 1103.1    5.579056e+05                  0.141349      165.852761         1909.1            0.4                        1908.7    6.819948      180.0     -180.0                     360.0
30   1A35           0                          66.965018   71.800   66.300   71.800   90.0   98.40   90.0  6  1  2                                  918.8    3.381258e+05                  0.198048      410.792998        11014.3            0.1                       11014.2    3.413891      180.0     -180.0                     360.0
31   1AK9           0                          28.873810   41.640   79.450   37.260   90.0  114.53   90.0  6  1  2                                  159.5    1.121416e+05                  0.257476      173.100918         2697.9            0.4                        2697.5    2.686897      180.0     -180.0                     360.0
32   1AIP           0                         232.214590  120.300  127.500  123.700   90.0   90.30   90.0  6  1  2                                 4007.5    1.897316e+06                  0.122391      145.009011         2594.8            0.0                        2594.8    3.053363      180.0     -180.0                     360.0
33   1AJK           0                          48.606304   45.450   65.820   69.610   90.0  106.87   90.0  6  1  2                                  154.2    1.992782e+05                  0.243912      369.679165        10037.2            0.1                       10037.1    3.046458      180.0     -180.0                     360.0
34   1AD4           0                          56.700684   65.748   42.142   99.040   90.0  106.06   90.0  6  1  2                                 1188.0    2.637056e+05                  0.215015      170.666169         1801.7            0.0                        1801.7    5.864060      180.0     -180.0                     360.0
35   1AGN           0                         151.216232   86.300   94.650  121.660   90.0  100.03   90.0  6  1  2                                 1437.4    9.785669e+05                  0.154528      229.351869         2707.9            0.2                        2707.7    4.725247      180.0     -180.0                     360.0
36   1A3A           0                          68.010340   53.570   66.010   73.860   90.0   99.76   90.0  6  1  2                                  523.6    2.574003e+05                  0.264220      167.421024         1694.7            0.2                        1694.5   10.441310      180.0     -180.0                     360.0
37   1AGY           0                          25.323542   35.120   67.360   37.050   90.0   93.90   90.0  6  1  2                                   36.7    8.744559e+04                  0.289592       80.107005         1117.4            0.1                        1117.3    4.300713      180.0     -180.0                     360.0
38   135L           0                          15.070620   38.070   33.200   46.120   90.0  110.06   90.0  6  1  2                                  262.6    5.475582e+04                  0.275233      127.141861         1315.2            0.6                        1314.6    9.948844      180.0     -180.0                     360.0
39   1A36           0                          70.959478   56.500  118.400   71.500   90.0  101.20   90.0  6  1  2                                  883.4    4.691971e+05                  0.151236      181.233335         1749.8            0.2                        1749.6    3.885531      180.0     -180.0                     360.0
40   1AJH           0                          19.626620   63.450   30.440   34.130   90.0  105.70   90.0  6  1  2                                   80.6    6.345996e+04                  0.309276      128.715732         1884.1            0.7                        1883.4    4.108123      180.0     -179.9                     359.9
41   11AS           0                          68.934140   52.900  126.200   52.780   90.0  105.34   90.0  6  1  2                                  297.2    3.398047e+05                  0.202864      181.436425         4457.0            0.0                        4457.0    2.667188      180.0     -180.0                     360.0
42   1AD1           0                          59.393566   64.470   42.190  101.320   90.0  106.33   90.0  6  1  2                                  860.3    2.644715e+05                  0.224575      138.553392         1328.6            0.4                        1328.2   10.451423      180.0     -180.0                     360.0
43   12E8           0                         100.546660   66.560   65.570  103.220   90.0   97.04   90.0  6  1  2                                  699.5    4.470908e+05                  0.224891       69.142463          416.0            0.8                         415.2   10.462933      180.0     -179.9                     359.9
44   1A2A           0                         103.635920  108.950   85.227   71.054   90.0  109.66   90.0  6  1  2                                  390.6    6.213097e+05                  0.166802      140.709026         1300.5            0.4                        1300.1    3.660747      180.0     -179.9                     359.9
45   1AGJ           0                          56.786720   49.090   66.400   81.770   90.0   93.92   90.0  6  1  2                                  206.1    2.659120e+05                  0.213555      134.141048         1323.4            0.4                        1323.0   10.010411      180.0     -180.0                     360.0
46   1AIA           0                          81.541168   86.900   79.800   89.900   90.0  118.90   90.0  6  1  2                                  414.9    5.457841e+05                  0.149402      299.135864         3528.1            0.0                        3528.1    1.990244      180.0     -180.0                     360.0
47   1AHE           0                          88.105308   85.070   77.980   88.860   90.0  118.63   90.0  6  1  2                                  727.1    5.174019e+05                  0.170284      188.636420         3144.4            0.2                        3144.2    6.099621      180.0     -180.0                     360.0
48   1AIC           0                          81.733288   87.200   79.900   89.600   90.0  119.10   90.0  6  1  2                                  508.0    5.454683e+05                  0.149841       99.294057         2270.1            0.2                        2269.9    5.197172      180.0     -180.0                     360.0
49   1AHG           0                          90.013388   86.000   79.100   89.600   90.0  118.67   90.0  6  1  2                                 1813.0    5.347851e+05                  0.168317      246.237009         7087.8            0.1                        7087.7    1.635757      180.0     -180.0                     360.0
50   1A31           0                          69.188998   72.000   66.600   71.800   90.0   98.30   90.0  6  1  2                                  886.5    3.406891e+05                  0.203085      196.135603         3565.7            0.0                        3565.7    3.131073      180.0     -180.0                     360.0
51   1AE6           0                          44.339640   54.300   66.550   61.350   90.0  103.40   90.0  6  1  2                                  353.9    2.156628e+05                  0.205597       95.333545          854.0            0.1                         853.9   13.765146      180.0     -180.0                     360.0
52   157D           0                           8.932688   41.690   34.620   32.130   90.0  127.60   90.0  6  1  2                                   27.7    3.674123e+04                  0.243124      223.952736         2110.3            0.4                        2109.9    5.225435      180.0     -180.0                     360.0
53   1AD3           0                          99.120860   64.950  170.950   47.160   90.0  110.25   90.0  6  1  2                                  400.2    4.912623e+05                  0.201768      285.628214         4824.6            0.2                        4824.4    3.612276      180.0     -180.0                     360.0
54   1ADE           0                          99.541992   73.260   72.180   82.900   90.0  108.17   90.0  6  1  2                                  673.1    4.165085e+05                  0.238992      196.554641         2710.9            0.1                        2710.8    6.591649      180.0     -180.0                     360.0
55   180L           0                          35.587730   52.300   57.700   57.600   90.0  104.40   90.0  6  1  2                                  190.5    1.683592e+05                  0.211380      245.244588         4192.3            0.4                        4191.9    2.979418      180.0     -180.0                     360.0
56   1AHF           0                          88.219368   85.920   79.390   88.800   90.0  118.99   90.0  6  1  2                                  738.1    5.298273e+05                  0.166506      122.903612         1927.2            0.1                        1927.1    4.793457      180.0     -180.0                     360.0
57   1AIB           0                          81.821268   86.600   79.800   89.800   90.0  119.00   90.0  6  1  2                                  430.6    5.427707e+05                  0.150747      117.153270          817.8            4.1                         813.7    4.687302      180.0     -180.0                     360.0
58   1AI9           0                          45.104244   77.200   67.570   38.660   90.0   93.06   90.0  6  1  2                                  910.8    2.013786e+05                  0.223977      460.626527         9315.8            0.1                        9315.7    1.885361      180.0     -180.0                     360.0
59   1A01           0                          62.698000   63.400   83.600   53.800   90.0   99.30   90.0  6  1  2                                 1013.3    2.814048e+05                  0.222804      144.359553         1314.2            0.1                        1314.1   10.406713      180.0     -180.0                     360.0
60   1AF7           0                          31.404930   55.450   47.960   63.060   90.0  112.64   90.0  6  1  2                                  670.8    1.547779e+05                  0.202903      124.428973          883.5            2.5                         881.0    4.461558      180.0     -179.9                     359.9
61   1A28           0                          56.692980   58.123   64.444   69.954   90.0   95.74   90.0  6  1  2                                  462.3    2.607114e+05                  0.217455      158.516288         3236.5            0.4                        3236.1    4.979413      180.0     -180.0                     360.0
62   1A02           0                          53.722032   64.660   85.460   83.370   90.0  112.03   90.0  6  1  2                                 1285.8    4.270535e+05                  0.125797      248.223486         6821.5            0.0                        6821.5    2.109469      180.0     -180.0                     360.0
63   176L           0                          34.897760   49.600  127.100   29.100   90.0   98.40   90.0  6  1  2                                  475.0    1.814831e+05                  0.192292      170.379742         1851.7            0.1                        1851.6    4.193159      180.0     -180.0                     360.0
64   137L           0                          38.331830   54.070   55.910   59.860   90.0  103.56   90.0  6  1  2                                  485.9    1.759157e+05                  0.217899      100.500045          926.2            0.3                         925.9    9.743158      180.0     -179.8                     359.8
65   1AGQ           0                          43.505260   67.850   67.550   71.400   90.0  115.94   90.0  6  1  2                                  206.8    2.942762e+05                  0.147838      133.138557         1376.7            0.2                        1376.5    4.682558      180.0     -180.0                     360.0
66   1AIM           0                          22.655962   43.250   51.620   45.340   90.0  115.43   90.0  6  1  2                                  170.0    9.141691e+04                  0.247831      107.046880         1293.0            0.1                        1292.9    6.551538      180.0     -180.0                     360.0
67   1AJ7           0                          44.334940   46.100   60.900   73.100   90.0  104.80   90.0  6  1  2                                  660.8    1.984188e+05                  0.223441      244.801727         4576.3            0.4                        4575.9    3.855724      180.0     -180.0                     360.0
68   11BA           0                          28.471288   49.450   60.640   50.750   90.0  117.35   90.0  6  1  2                                  285.4    1.351700e+05                  0.210633      195.189947         4752.9            0.0                        4752.9    3.321372      180.0     -180.0                     360.0
69   1AII           0                          37.540980   42.290   68.720   50.590   90.0   94.27   90.0  6  1  2                                  257.6    1.466150e+05                  0.256051      220.428498         2485.8            0.1                        2485.7    5.243488      180.0     -180.0                     360.0
70   1A3Z           0                          16.237450   32.450   60.590   38.080   90.0  108.02   90.0  6  1  2                                  184.1    7.119830e+04                  0.228060      300.790999         3144.4            0.3                        3144.1    2.149027      180.0     -180.0                     360.0
71   1ADO           0                         201.350112  163.880   57.470   85.030   90.0  102.70   90.0  6  1  2                                 1526.3    7.812355e+05                  0.257733      309.050956         4636.8            0.1                        4636.7    2.323600      180.0     -180.0                     360.0
72   1AHY           0                          90.089268   85.930   79.090   89.720   90.0  118.70   90.0  6  1  2                                 1687.6    5.348446e+05                  0.168440      151.350722         3365.1            0.0                        3365.1    3.790922      180.0     -180.0                     360.0
73   1AK4           0                          66.235724   38.600  113.100   67.000   90.0  100.70   90.0  6  1  2                                  664.8    2.874135e+05                  0.230454      208.807721         4045.3            0.0                        4045.3    3.281613      180.0     -180.0                     360.0
74   1A2J           0                          20.488070   38.520   51.380   42.500   90.0  103.08   90.0  6  1  2                                  262.7    8.193186e+04                  0.250062      208.883767         3675.9            0.4                        3675.5    3.898652      180.0     -180.0                     360.0
75   1A3N           0                          66.721940   62.650   82.430   53.530   90.0   99.61   90.0  6  1  2                                  939.5    2.725624e+05                  0.244795      221.910642         6105.4            0.1                        6105.3    3.067398      180.0     -180.0                     360.0
76   1AEI           0                         198.460428   71.200  179.200  100.700   90.0   97.60   90.0  6  1  2                                 1200.8    1.273549e+06                  0.155833      133.188438         2512.8            0.3                        2512.5    4.070849      180.0     -180.0                     360.0
77   1A3O           0                          66.049920   62.440   81.160   53.320   90.0   99.65   90.0  6  1  2                                  878.2    2.663827e+05                  0.247951      116.456990         4348.9            0.0                        4348.9    3.619419      180.0     -180.0                     360.0
78   1AJG           0                          19.626620   63.430   30.430   34.120   90.0  105.67   90.0  6  1  2                                  108.4    6.340986e+04                  0.309520      187.190746         2999.6            0.3                        2999.3    4.170221      180.0     -180.0                     360.0
79   1AHX           0                          90.257368   84.980   78.690   89.280   90.0  118.32   90.0  6  1  2                                 1463.3    5.255657e+05                  0.171734      225.142256         3883.9            0.1                        3883.8    3.417811      180.0     -180.0                     360.0
80   1ALW           0                          39.249660   49.870   80.460   57.080   90.0   91.20   90.0  6  1  2                                  216.2    2.289856e+05                  0.171407       62.666840         1230.6            0.0                        1230.6    7.567719      180.0     -180.0                     360.0
81   1A4L           0                         152.077880   88.929   93.355  101.953   90.0  102.94   90.0  6  1  2                                   63.3    8.249159e+05                  0.184356      256.999732         3654.2            0.1                        3654.1    3.496161      180.0     -180.0                     360.0
82   1A76           0                          36.369140   58.780   42.800   62.640   90.0   92.26   90.0  6  1  2                                  543.4    1.574661e+05                  0.230965      149.661037         3701.9            0.1                        3701.8    3.841629      180.0     -180.0                     360.0
83   1A62           0                          14.755940   25.950   56.010   42.920   90.0   99.35   90.0  6  1  2                                  156.5    6.155369e+04                  0.239725      127.355465         2762.9            0.2                        2762.7    5.740841      180.0     -180.0                     360.0
84   1A77           0                          35.777140   58.830   42.480   62.560   90.0   92.24   90.0  6  1  2                                  598.2    1.562241e+05                  0.229012      244.784793         3896.1            0.2                        3895.9    3.874286      180.0     -180.0                     360.0
85   1A4M           0                         165.533840   88.693   93.644  102.177   90.0  102.84   90.0  6  1  2                                  195.8    8.274173e+05                  0.200061      299.577934         3325.5            0.0                        3325.5    1.428272      180.0     -180.0                     360.0
86   1ALV           0                          39.300104   49.870   80.460   57.080   90.0   91.20   90.0  6  1  2                                  185.9    2.289856e+05                  0.171627      183.607597         2139.9            0.5                        2139.4    3.704380      180.0     -179.9                     359.9
87   1A6G           0                          19.466530   63.800   30.630   34.420   90.0  105.80   90.0  6  1  2                                  122.3    6.472201e+04                  0.300771      131.240669         1597.6            0.2                        1597.4    4.254935      180.0     -180.0                     360.0
88   1AA2           0                          13.757460   31.471   53.685   32.197   90.0  106.25   90.0  6  1  2                                  265.5    5.222431e+04                  0.263430      188.217151         2082.9            0.1                        2082.8    4.560771      180.0     -180.0                     360.0
89   1A75           0                          24.504860   34.730   27.590   98.510   90.0   91.49   90.0  6  1  2                                   98.4    9.436043e+04                  0.259694      187.075458         7128.1            0.0                        7128.1    2.027129      180.0     -180.0                     360.0
90   1A7T           0                          51.885220   42.270   66.960   69.480   90.0  103.77   90.0  6  1  2                                  139.6    1.910041e+05                  0.271645      190.447586         2145.5            0.8                        2144.7    4.413695      180.0     -180.0                     360.0
91   12CA           0                          27.974600   42.700   41.700   73.000   90.0  104.60   90.0  6  1  2                                  181.8    1.257858e+05                  0.222399      140.885776         4058.5            0.0                        4058.5    3.485672      180.0     -180.0                     360.0
92   1A4Y           0                         119.534980   66.553  105.605   93.516   90.0  107.09   90.0  6  1  2                                  226.3    6.282394e+05                  0.190270      203.908489         3621.4            0.1                        3621.3    1.439650      180.0     -180.0                     360.0
93   1A8Z           0                          16.145670   32.430   60.680   38.010   90.0  107.82   90.0  6  1  2                                  165.9    7.120945e+04                  0.226735      162.649269         1868.7            0.2                        1868.5    3.115702      180.0     -180.0                     360.0
94   1ANN           0                          34.578680   33.312  124.709   49.439   90.0  110.28   90.0  6  1  2                                  237.5    1.926529e+05                  0.179487      219.450904         3792.2            0.3                        3791.9    4.178598      180.0     -180.0                     360.0
95   1AMU           0                         114.193828   61.680  154.770   65.300   90.0   93.91   90.0  6  1  2                                  942.4    6.219168e+05                  0.183616      347.727418         4784.4            0.2                        4784.2    3.149154      180.0     -180.0                     360.0
96   1AMT           0                           5.879610   33.330   29.620   23.200   90.0  120.40   90.0  6  1  2                                   80.0    1.975488e+04                  0.297628      233.511414         2373.3            0.0                        2373.3    5.511865      180.0     -180.0                     360.0
97   1ABO           0                          15.972800   33.800   54.200   35.000   90.0   96.80   90.0  6  1  2                                  224.0    6.366756e+04                  0.250878      118.272762         1197.8            0.7                        1197.1    8.843537      180.0     -179.7                     359.7
98   1AAC           0                          12.892850   28.950   56.540   27.550   90.0   96.38   90.0  6  1  2                                  133.0    4.481547e+04                  0.287688      144.362480         1249.8            0.5                        1249.3    8.404263      180.0     -180.0                     360.0
99   1AM6           0                          29.300526   42.700   41.700   73.000   90.0   92.00   90.0  6  1  2                                  258.8    1.299039e+05                  0.225555      153.197192         4429.1            0.3                        4428.8    2.063312      180.0     -180.0                     360.0