   PDB_ID Spacegroup  Calculated Structure Weight (kDa)        a        b        c  alpha    beta  gamma  UnitCellVolume  CrystalVolume  VolumeToUnitCellVolRatio  Mean Intensity  Max Intensity  Min Intensity  Max-Min Intensity Difference  Mean Phase  Max Phase  Min Phase  Max-Min Phase Difference
0    1A80      P1211                          30.292132   35.700   55.800   74.700   90.0   92.20   90.0    1.488069e+05   1.486972e+05                  0.999263      111.888383         1590.1            0.1                        1590.0    4.065674      180.0     -180.0                     360.0
1    1AAN      P1211                          12.092727   28.950   56.540   27.550   90.0   96.38   90.0    4.509475e+04   4.481547e+04                  0.993807      180.007344         2320.8            0.6                        2320.2    3.417865      180.0     -180.0                     360.0
2    1A6M      P1211                          19.504256   63.800   30.810   34.350   90.0  105.80   90.0    6.752104e+04   6.496996e+04                  0.962218      142.505821         1874.6            0.5                        1874.1    3.568320      180.0     -179.9                     359.9
3    1ABB      P1211                         355.715920  119.000  188.100   88.100   90.0  109.29   90.0    1.972022e+06   1.861310e+06                  0.943859      371.970057         5142.8            0.2                        5142.6    4.436917      180.0     -180.0                     360.0
4    1A42      P1211                          27.962865   42.700   41.700   73.000   90.0  104.60   90.0    1.299831e+05   1.257858e+05                  0.967709      535.531707         8359.5            0.1                        8359.4    1.067884      180.0     -180.0                     360.0
5    1A81      P1211                         160.893591   85.500  146.900   91.500   90.0   97.60   90.0    1.149235e+06   1.139140e+06                  0.991216      245.421085         4473.0            0.3                        4472.7    2.879212      180.0     -180.0                     360.0
6    1AAZ      P1211                          22.985814   54.100   45.900   40.800   90.0   99.40   90.0    1.013142e+05   9.995372e+04                  0.986572      114.504429         1615.0            0.2                        1614.8    4.644937      180.0     -180.0                     360.0
7    1A6N      P1211                          19.472258   63.760   30.660   34.310   90.0  105.70   90.0    6.707199e+04   6.456965e+04                  0.962692      197.591047         6211.1            0.6                        6210.5    2.173920      180.0     -180.0                     360.0
8    105M      P1211                          18.488430   64.720   30.061   35.191   90.0  105.76   90.0    6.846578e+04   6.589200e+04                  0.962408      148.946168         3256.9            0.0                        3256.9    4.111801      180.0     -180.0                     360.0
9    1A7K      P1211                         146.802272   67.900   81.000  131.900   90.0   95.00   90.0    7.254368e+05   7.226763e+05                  0.996195      181.702027         3300.1            0.0                        3300.1    3.948104      180.0     -180.0                     360.0
10   1ABW      P1211                          66.284134   62.900   81.980   53.920   90.0   98.99   90.0    2.780407e+05   2.746252e+05                  0.987716      147.127325         1273.4            0.8                        1272.6    8.028888      180.0     -180.0                     360.0
11   1ALX      P1211                           4.405504   14.907   26.014   31.911   90.0   92.03   90.0    1.237479e+04   1.236702e+04                  0.999372      210.586744         4734.8            0.4                        4734.4    3.254980      180.0     -180.0                     360.0
12   1A6K      P1211                          19.552315   63.900   30.730   34.360   90.0  105.70   90.0    6.747091e+04   6.495369e+04                  0.962692      229.388724         4163.1            0.7                        4162.4    3.512846      180.0     -180.0                     360.0
13   153L      P1211                          21.855617   38.300   65.700   45.200   90.0  116.00   90.0    1.137372e+05   1.022263e+05                  0.898794      202.138857         2766.3            0.1                        2766.2    4.209546      180.0     -180.0                     360.0
14   104M      P1211                          19.512366   64.730   30.910   34.828   90.0  105.41   90.0    6.968401e+04   6.717881e+04                  0.964049      151.490501         2920.1            0.1                        2920.0    4.124664      180.0     -179.9                     359.9
15   12AS      P1211                          71.503687   53.000  126.130   52.860   90.0  105.59   90.0    3.533633e+05   3.403629e+05                  0.963209      133.991990         1755.8            0.2                        1755.6    5.317658      180.0     -180.0                     360.0
16   1ABR      P1211                          60.446300   84.580   73.070   48.230   90.0   96.20   90.0    2.980740e+05   2.963305e+05                  0.994151      109.547565         3960.7            0.0                        3960.7    2.813840      180.0     -180.0                     360.0
17   169L      P1211                          83.112545   40.400  112.300  135.200   90.0   91.70   90.0    6.133916e+05   6.131216e+05                  0.999560      136.810797         2262.6            0.1                        2262.5    1.959375      180.0     -180.0                     360.0
18   1A78      P1211                          28.913704   51.800   51.000   56.300   90.0   97.20   90.0    1.487333e+05   1.475605e+05                  0.992115      158.039294         2674.1            0.1                        2674.0    5.738913      180.0     -180.0                     360.0
19   1A4U      P1211                          54.167867   65.495   55.599   70.070   90.0  107.40   90.0    2.551569e+05   2.434810e+05                  0.954240      213.028002         2414.8            0.2                        2414.6    4.865226      180.0     -180.0                     360.0
20   1AMH      P1211                          46.311772   45.920   49.790   89.880   90.0   97.34   90.0    2.054977e+05   2.038138e+05                  0.991805      169.277645         2119.2            0.5                        2118.7    5.148979      180.0     -180.0                     360.0
21   1A7L      P1211                         115.200854   64.600   71.300  123.200   90.0   94.90   90.0    5.674567e+05   5.653828e+05                  0.996345      128.553238         2566.9            0.1                        2566.8    3.946111      180.0     -180.0                     360.0
22   1A5D      P1211                          43.543176   37.760   43.710  107.440   90.0  108.54   90.0    1.773286e+05   1.681256e+05                  0.948102      220.317138         3851.5            0.4                        3851.1    1.114101      180.0     -180.0                     360.0
23   1AB1      P1211                           4.749317   40.759   18.404   22.273   90.0   90.70   90.0    1.670762e+04   1.670637e+04                  0.999925      153.356692         3062.1            0.7                        3061.4    2.302215      180.0     -180.0                     360.0
24   19HC      P1211                          82.155597   60.380  106.070   80.620   90.0  103.50   90.0    5.163313e+05   5.020650e+05                  0.972370       91.321457          959.3            0.4                         958.9    5.991792      180.0     -179.9                     359.9
25   1AAJ      P1211                          12.252717   28.950   56.540   27.550   90.0   96.38   90.0    4.509475e+04   4.481547e+04                  0.993807      168.869034         1617.5            0.1                        1617.4    2.451831      180.0     -180.0                     360.0
26   1ACB      P1211                          32.534793   55.300   59.400   42.500   90.0   99.10   90.0    1.396048e+05   1.378478e+05                  0.987414      122.196089          843.4            2.1                         841.3    3.180196      180.0     -180.0                     360.0
27   1A2Q      P1211                          28.818481   41.640   79.450   37.260   90.0  114.53   90.0    1.232672e+05   1.121416e+05                  0.909744      127.298584         1204.6            0.5                        1204.1    4.001299      180.0     -180.0                     360.0
28   154L      P1211                          22.153904   38.300   65.400   44.700   90.0  117.00   90.0    1.119655e+05   9.976195e+04                  0.891007       95.762139         1147.6            0.2                        1147.4    4.483774      180.0     -180.0                     360.0
29   1A0O      P1211                          78.858931   53.900  156.970   65.970   90.0   91.70   90.0    5.581513e+05   5.579056e+05                  0.999560      165.852761         1909.1            0.4                        1908.7    6.819948      180.0     -180.0                     360.0
30   1A35      P1211                          66.964225   71.800   66.300   71.800   90.0   98.40   90.0    3.417924e+05   3.381258e+05                  0.989272      410.792998        11014.3            0.1                       11014.2    3.413891      180.0     -180.0                     360.0
31   1AK9      P1211                          28.873424   41.640   79.450   37.260   90.0  114.53   90.0    1.232672e+05   1.121416e+05                  0.909744      173.100918         2697.9            0.4                        2697.5    2.686897      180.0     -180.0                     360.0
32   1AIP      P1211                         232.213052  120.300  127.500  123.700   90.0   90.30   90.0    1.897342e+06   1.897316e+06                  0.999986      145.009011         2594.8            0.0                        2594.8    3.053363      180.0     -180.0                     360.0
33   1AJK      P1211                          48.605889   45.450   65.820   69.610   90.0  106.87   90.0    2.082396e+05   1.992782e+05                  0.956966      369.679165        10037.2            0.1                       10037.1    3.046458      180.0     -180.0                     360.0
34   1AD4      P1211                          56.700022   65.748   42.142   99.040   90.0  106.06   90.0    2.744153e+05   2.637056e+05                  0.960973      170.666169         1801.7            0.0                        1801.7    5.864060      180.0     -180.0                     360.0
35   1AGN      P1211                         151.215535   86.300   94.650  121.660   90.0  100.03   90.0    9.937548e+05   9.785669e+05                  0.984717      229.351869         2707.9            0.2                        2707.7    4.725247      180.0     -180.0                     360.0
36   1A3A      P1211                          68.009411   53.570   66.010   73.860   90.0   99.76   90.0    2.611805e+05   2.574003e+05                  0.985526      167.421024         1694.7            0.2                        1694.5   10.441310      180.0     -180.0                     360.0
37   1AGY      P1211                          25.323104   35.120   67.360   37.050   90.0   93.90   90.0    8.764856e+04   8.744559e+04                  0.997684       80.107005         1117.4            0.1                        1117.3    4.300713      180.0     -180.0                     360.0
38   135L      P1211                          15.070362   38.070   33.200   46.120   90.0  110.06   90.0    5.829217e+04   5.475582e+04                  0.939334      127.141861         1315.2            0.6                        1314.6    9.948844      180.0     -180.0                     360.0
39   1A36      P1211                          70.958824   56.500  118.400   71.500   90.0  101.20   90.0    4.783064e+05   4.691971e+05                  0.980955      181.233335         1749.8            0.2                        1749.6    3.885531      180.0     -180.0                     360.0
40   1AJH      P1211                          19.626366   63.450   30.440   34.130   90.0  105.70   90.0    6.591930e+04   6.345996e+04                  0.962692      128.715732         1884.1            0.7                        1883.4    4.108123      180.0     -179.9                     359.9
41   11AS      P1211                          68.933582   52.900  126.200   52.780   90.0  105.34   90.0    3.523582e+05   3.398047e+05                  0.964373      181.436425         4457.0            0.0                        4457.0    2.667188      180.0     -180.0                     360.0
42   1AD1      P1211                          59.392819   64.470   42.190  101.320   90.0  106.33   90.0    2.755893e+05   2.644715e+05                  0.959658      138.553392         1328.6            0.4                        1328.2   10.451423      180.0     -180.0                     360.0
43   12E8      P1211                         100.545387   66.560   65.570  103.220   90.0   97.04   90.0    4.504871e+05   4.470908e+05                  0.992461       69.142463          416.0            0.8                         415.2   10.462933      180.0     -179.9                     359.9
44   1A2A      P1211                         103.635192  108.950   85.227   71.054   90.0  109.66   90.0    6.597706e+05   6.213097e+05                  0.941706      140.709026         1300.5            0.4                        1300.1    3.660747      180.0     -179.9                     359.9
45   1AGJ      P1211                          56.785951   49.090   66.400   81.770   90.0   93.92   90.0    2.665355e+05   2.659120e+05                  0.997660      134.141048         1323.4            0.4                        1323.0   10.010411      180.0     -180.0                     360.0
46   1AIA      P1211                          81.540644   86.900   79.800   89.900   90.0  118.90   90.0    6.234223e+05   5.457841e+05                  0.875465      299.135864         3528.1            0.0                        3528.1    1.990244      180.0     -180.0                     360.0
47   1AHE      P1211                          88.104420   85.070   77.980   88.860   90.0  118.63   90.0    5.894758e+05   5.174019e+05                  0.877732      188.636420         3144.4            0.2                        3144.2    6.099621      180.0     -180.0                     360.0
48   1AIC      P1211                          81.732756   87.200   79.900   89.600   90.0  119.10   90.0    6.242683e+05   5.454683e+05                  0.873772       99.294057         2270.1            0.2                        2269.9    5.197172      180.0     -180.0                     360.0
49   1AHG      P1211                          90.012404   86.000   79.100   89.600   90.0  118.67   90.0    6.095130e+05   5.347851e+05                  0.877397      246.237009         7087.8            0.1                        7087.7    1.635757      180.0     -180.0                     360.0
50   1A31      P1211                          69.188109   72.000   66.600   71.800   90.0   98.30   90.0    3.442954e+05   3.406891e+05                  0.989526      196.135603         3565.7            0.0                        3565.7    3.131073      180.0     -180.0                     360.0
51   1AE6      P1211                          44.339424   54.300   66.550   61.350   90.0  103.40   90.0    2.216983e+05   2.156628e+05                  0.972776       95.333545          854.0            0.1                         853.9   13.765146      180.0     -180.0                     360.0
52   157D      P1211                           8.932371   41.690   34.620   32.130   90.0  127.60   90.0    4.637348e+04   3.674123e+04                  0.792290      223.952736         2110.3            0.4                        2109.9    5.225435      180.0     -180.0                     360.0
53   1AD3      P1211                          99.120044   64.950  170.950   47.160   90.0  110.25   90.0    5.236270e+05   4.912623e+05                  0.938191      285.628214         4824.6            0.2                        4824.4    3.612276      180.0     -180.0                     360.0
54   1ADE      P1211                          99.540866   73.260   72.180   82.900   90.0  108.17   90.0    4.383675e+05   4.165085e+05                  0.950135      196.554641         2710.9            0.1                        2710.8    6.591649      180.0     -180.0                     360.0
55   180L      P1211                          35.587392   52.300   57.700   57.600   90.0  104.40   90.0    1.738201e+05   1.683592e+05                  0.968583      245.244588         4192.3            0.4                        4191.9    2.979418      180.0     -180.0                     360.0
56   1AHF      P1211                          88.218488   85.920   79.390   88.800   90.0  118.99   90.0    6.057216e+05   5.298273e+05                  0.874704      122.903612         1927.2            0.1                        1927.1    4.793457      180.0     -180.0                     360.0
57   1AIB      P1211                          81.820744   86.600   79.800   89.800   90.0  119.00   90.0    6.205791e+05   5.427707e+05                  0.874620      117.153270          817.8            4.1                         813.7    4.687302      180.0     -180.0                     360.0
58   1AI9      P1211                          45.103890   77.200   67.570   38.660   90.0   93.06   90.0    2.016662e+05   2.013786e+05                  0.998574      460.626527         9315.8            0.1                        9315.7    1.885361      180.0     -180.0                     360.0
59   1A01      P1211                          62.697600   63.400   83.600   53.800   90.0   99.30   90.0    2.851529e+05   2.814048e+05                  0.986856      144.359553         1314.2            0.1                        1314.1   10.406713      180.0     -180.0                     360.0
60   1AF7      P1211                          31.404612   55.450   47.960   63.060   90.0  112.64   90.0    1.677006e+05   1.547779e+05                  0.922942      124.428973          883.5            2.5                         881.0    4.461558      180.0     -179.9                     359.9
61   1A28      P1211                          56.692730   58.123   64.444   69.954   90.0   95.74   90.0    2.620252e+05   2.607114e+05                  0.994986      158.516288         3236.5            0.4                        3236.1    4.979413      180.0     -180.0                     360.0
62   1A02      P1211                          53.721236   64.660   85.460   83.370   90.0  112.03   90.0    4.606896e+05   4.270535e+05                  0.926988      248.223486         6821.5            0.0                        6821.5    2.109469      180.0     -180.0                     360.0
63   176L      P1211                          34.897451   49.600  127.100   29.100   90.0   98.40   90.0    1.834511e+05   1.814831e+05                  0.989272      170.379742         1851.7            0.1                        1851.6    4.193159      180.0     -180.0                     360.0
64   137L      P1211                          38.331338   54.070   55.910   59.860   90.0  103.56   90.0    1.809600e+05   1.759157e+05                  0.972125      100.500045          926.2            0.3                         925.9    9.743158      180.0     -179.8                     359.8
65   1AGQ      P1211                          43.504676   67.850   67.550   71.400   90.0  115.94   90.0    3.272453e+05   2.942762e+05                  0.899253      133.138557         1376.7            0.2                        1376.5    4.682558      180.0     -180.0                     360.0
66   1AIM      P1211                          22.655805   43.250   51.620   45.340   90.0  115.43   90.0    1.012245e+05   9.141691e+04                  0.903111      107.046880         1293.0            0.1                        1292.9    6.551538      180.0     -180.0                     360.0
67   1AJ7      P1211                          44.334689   46.100   60.900   73.100   90.0  104.80   90.0    2.052275e+05   1.984188e+05                  0.966823      244.801727         4576.3            0.4                        4575.9    3.855724      180.0     -180.0                     360.0
68   11BA      P1211                          28.470888   49.450   60.640   50.750   90.0  117.35   90.0    1.521814e+05   1.351700e+05                  0.888217      195.189947         4752.9            0.0                        4752.9    3.321372      180.0     -180.0                     360.0
69   1AII      P1211                          37.540525   42.290   68.720   50.590   90.0   94.27   90.0    1.470231e+05   1.466150e+05                  0.997224      220.428498         2485.8            0.1                        2485.7    5.243488      180.0     -180.0                     360.0
70   1A3Z      P1211                          16.237358   32.450   60.590   38.080   90.0  108.02   90.0    7.487082e+04   7.119830e+04                  0.950949      300.790999         3144.4            0.3                        3144.1    2.149027      180.0     -180.0                     360.0
71   1ADO      P1211                         201.345762  163.880   57.470   85.030   90.0  102.70   90.0    8.008282e+05   7.812355e+05                  0.975535      309.050956         4636.8            0.1                        4636.7    2.323600      180.0     -180.0                     360.0
72   1AHY      P1211                          90.088266   85.930   79.090   89.720   90.0  118.70   90.0    6.097554e+05   5.348446e+05                  0.877146      151.350722         3365.1            0.0                        3365.1    3.790922      180.0     -180.0                     360.0
73   1AK4      P1211                          66.235257   38.600  113.100   67.000   90.0  100.70   90.0    2.924992e+05   2.874135e+05                  0.982613      208.807721         4045.3            0.0                        4045.3    3.281613      180.0     -180.0                     360.0
74   1A2J      P1211                          20.487920   38.520   51.380   42.500   90.0  103.08   90.0    8.411420e+04   8.193186e+04                  0.974055      208.883767         3675.9            0.4                        3675.5    3.898652      180.0     -180.0                     360.0
75   1A3N      P1211                          66.721295   62.650   82.430   53.530   90.0   99.61   90.0    2.764417e+05   2.725624e+05                  0.985967      221.910642         6105.4            0.1                        6105.3    3.067398      180.0     -180.0                     360.0
76   1AEI      P1211                         198.459078   71.200  179.200  100.700   90.0   97.60   90.0    1.284835e+06   1.273549e+06                  0.991216      133.188438         2512.8            0.3                        2512.5    4.070849      180.0     -180.0                     360.0
77   1A3O      P1211                          66.049298   62.440   81.160   53.320   90.0   99.65   90.0    2.702061e+05   2.663827e+05                  0.985850      116.456990         4348.9            0.0                        4348.9    3.619419      180.0     -180.0                     360.0
78   1AJG      P1211                          19.626366   63.430   30.430   34.120   90.0  105.67   90.0    6.585757e+04   6.340986e+04                  0.962833      187.190746         2999.6            0.3                        2999.3    4.170221      180.0     -180.0                     360.0
79   1AHX      P1211                          90.256373   84.980   78.690   89.280   90.0  118.32   90.0    5.970222e+05   5.255657e+05                  0.880312      225.142256         3883.9            0.1                        3883.8    3.417811      180.0     -180.0                     360.0
80   1ALW      P1211                          39.249384   49.870   80.460   57.080   90.0   91.20   90.0    2.290358e+05   2.289856e+05                  0.999781       62.666840         1230.6            0.0                        1230.6    7.567719      180.0     -180.0                     360.0
81   1A4L      P1211                         152.076987   88.929   93.355  101.953   90.0  102.94   90.0    8.464104e+05   8.249159e+05                  0.974605      256.999732         3654.2            0.1                        3654.1    3.496161      180.0     -180.0                     360.0
82   1A76      P1211                          36.368856   58.780   42.800   62.640   90.0   92.26   90.0    1.575887e+05   1.574661e+05                  0.999222      149.661037         3701.9            0.1                        3701.8    3.841629      180.0     -180.0                     360.0
83   1A62      P1211                          14.755749   25.950   56.010   42.920   90.0   99.35   90.0    6.238248e+04   6.155369e+04                  0.986714      127.355465         2762.9            0.2                        2762.7    5.740841      180.0     -180.0                     360.0
84   1A77      P1211                          35.776893   58.830   42.480   62.560   90.0   92.24   90.0    1.563436e+05   1.562241e+05                  0.999236      244.784793         3896.1            0.2                        3895.9    3.874286      180.0     -180.0                     360.0
85   1A4M      P1211                         165.532099   88.693   93.644  102.177   90.0  102.84   90.0    8.486379e+05   8.274173e+05                  0.974994      299.577934         3325.5            0.0                        3325.5    1.428272      180.0     -180.0                     360.0
86   1ALV      P1211                          39.299817   49.870   80.460   57.080   90.0   91.20   90.0    2.290358e+05   2.289856e+05                  0.999781      183.607597         2139.9            0.5                        2139.4    3.704380      180.0     -179.9                     359.9
87   1A6G      P1211                          19.466278   63.800   30.630   34.420   90.0  105.80   90.0    6.726336e+04   6.472201e+04                  0.962218      131.240669         1597.6            0.2                        1597.4    4.254935      180.0     -180.0                     360.0
88   1AA2      P1211                          13.757287   31.471   53.685   32.197   90.0  106.25   90.0    5.439750e+04   5.222431e+04                  0.960050      188.217151         2082.9            0.1                        2082.8    4.560771      180.0     -180.0                     360.0
89   1A75      P1211                          24.504560   34.730   27.590   98.510   90.0   91.49   90.0    9.439235e+04   9.436043e+04                  0.999662      187.075458         7128.1            0.0                        7128.1    2.027129      180.0     -180.0                     360.0
90   1A7T      P1211                          51.884675   42.270   66.960   69.480   90.0  103.77   90.0    1.966561e+05   1.910041e+05                  0.971259      190.447586         2145.5            0.8                        2144.7    4.413695      180.0     -180.0                     360.0
91   12CA      P1211                          27.974396   42.700   41.700   73.000   90.0  104.60   90.0    1.299831e+05   1.257858e+05                  0.967709      140.885776         4058.5            0.0                        4058.5    3.485672      180.0     -180.0                     360.0
92   1A4Y      P1211                         119.533839   66.553  105.605   93.516   90.0  107.09   90.0    6.572613e+05   6.282394e+05                  0.955844      203.908489         3621.4            0.1                        3621.3    1.439650      180.0     -180.0                     360.0
93   1A8Z      P1211                          16.145599   32.430   60.680   38.010   90.0  107.82   90.0    7.479807e+04   7.120945e+04                  0.952023      162.649269         1868.7            0.2                        1868.5    3.115702      180.0     -180.0                     360.0
94   1ANN      P1211                          34.578326   33.312  124.709   49.439   90.0  110.28   90.0    2.053847e+05   1.926529e+05                  0.938010      219.450904         3792.2            0.3                        3791.9    4.178598      180.0     -180.0                     360.0
95   1AMU      P1211                         114.192964   61.680  154.770   65.300   90.0   93.91   90.0    6.233677e+05   6.219168e+05                  0.997672      347.727418         4784.4            0.2                        4784.2    3.149154      180.0     -180.0                     360.0
96   1AMT      P1211                           5.879611   33.330   29.620   23.200   90.0  120.40   90.0    2.290384e+04   1.975488e+04                  0.862514      233.511414         2373.3            0.0                        2373.3    5.511865      180.0     -180.0                     360.0
97   1ABO      P1211                          15.972617   33.800   54.200   35.000   90.0   96.80   90.0    6.411860e+04   6.366756e+04                  0.992966      118.272762         1197.8            0.7                        1197.1    8.843537      180.0     -179.7                     359.7
98   1AAC      P1211                          12.892677   28.950   56.540   27.550   90.0   96.38   90.0    4.509475e+04   4.481547e+04                  0.993807      144.362480         1249.8            0.5                        1249.3    8.404263      180.0     -180.0                     360.0
99   1AM6      P1211                          29.300287   42.700   41.700   73.000   90.0   92.00   90.0    1.299831e+05   1.299039e+05                  0.999391      153.197192         4429.1            0.3                        4428.8    2.063312      180.0     -180.0                     360.0