   PDB_ID  Spacegroup  Calculated Structure Weight (kDa)        a        b        c  alpha    beta  gamma  UnitCellVolume  PackingDensity(Da/Ang^3)  Mean Intensity  Max Intensity  Min Intensity  Max-Min Intensity Difference  Mean Phase  Max Phase  Min Phase  Max-Min Phase Difference
0    1AMZ         2.0                          47.847722  104.127   78.500   58.420   90.0   78.93   90.0    4.686382e+05                  0.102099      440.352478         8412.8            0.7                        8412.1    1.532312      180.0     -180.0                     360.0
1    1A5A         2.0                          71.059142  183.500   59.400   67.300   90.0   94.60   90.0    7.312004e+05                  0.097181      223.885381         4940.5            0.4                        4940.1    1.906816      180.0     -180.0                     360.0
2    1ACF         2.0                          12.953290  110.031   31.631   33.487   90.0  111.38   90.0    1.085274e+05                  0.119355      368.412991         5236.9            0.1                        5236.8    3.336133      180.0     -180.0                     360.0
3    1AWC         2.0                          40.305980  201.600   34.550   59.260   90.0   99.83   90.0    4.067026e+05                  0.099104      331.423784         5963.0            0.1                        5962.9    3.474925      180.0     -180.0                     360.0
4    1AVF         2.0                          76.425120  156.260   50.410  125.180   90.0  117.62   90.0    8.736826e+05                  0.087475      210.012210         4166.6            0.6                        4166.0    1.893232      180.0     -180.0                     360.0
5    1AC1         2.0                          40.612090  117.700   65.100   75.900   90.0  126.10   90.0    4.698997e+05                  0.086427      161.903952         1433.0            0.5                        1432.5    5.974325      180.0     -180.0                     360.0
6    1ANU         2.0                          14.072440   79.509   47.862   51.130   90.0  126.77   90.0    1.558618e+05                  0.090288      290.999477         6512.2            0.7                        6511.5    1.639746      180.0     -180.0                     360.0
7    1A5B         2.0                          69.799816  182.600   59.700   67.400   90.0   94.60   90.0    7.323755e+05                  0.095306      284.859750         6949.3            0.0                        6949.3    2.350022      180.0     -180.0                     360.0
8    17GS         2.0                          47.678070   79.213   90.228   69.254   90.0   98.61   90.0    4.893961e+05                  0.097422      232.622851         2530.6            0.1                        2530.5    3.586458      180.0     -180.0                     360.0
9    1A82         2.0                          26.463182   72.900   47.900   60.900   90.0  106.50   90.0    2.039000e+05                  0.129785      637.425536         9213.4            0.3                        9213.1    1.258571      180.0     -180.0                     360.0
10   1AMK         2.0                          27.038794   99.090   52.940   58.850   90.0  118.13   90.0    2.722512e+05                  0.099316      459.601414         6080.5            0.2                        6080.3    1.363380      180.0     -180.0                     360.0
11   1A5G         2.0                          33.564240   70.810   72.250   72.790   90.0  100.80   90.0    3.657991e+05                  0.091756      287.764626         4283.6            0.6                        4283.0    1.965142      180.0     -180.0                     360.0
12   13GS         2.0                          47.970590   79.455   91.107   69.559   90.0   98.44   90.0    4.980779e+05                  0.096311      257.888256         4340.6            0.5                        4340.1    1.929834      180.0     -180.0                     360.0
13   1ACV         2.0                          40.836100  117.300   64.900   75.900   90.0  126.10   90.0    4.668640e+05                  0.087469      346.395047         3724.3            0.0                        3724.3    2.231365      180.0     -180.0                     360.0
14   1A50         2.0                          69.314358  182.700   60.700   67.500   90.0   94.50   90.0    7.462600e+05                  0.092882      332.507228         5048.5            1.7                        5046.8    1.594971      180.0     -180.0                     360.0
15   1A44         2.0                          23.238050   82.700   33.550   60.070   90.0   97.71   90.0    1.651626e+05                  0.140698      160.957671         2127.1            0.0                        2127.1    3.943579      180.0     -180.0                     360.0
16   1ANF         2.0                          39.555590  105.880   68.440   57.940   90.0  112.54   90.0    3.877859e+05                  0.102004      298.233287         3149.4            0.2                        3149.2    3.458156      180.0     -180.0                     360.0
17   11GS         2.0                          47.119980   77.780   89.560   68.650   90.0   97.62   90.0    4.739913e+05                  0.099411      685.129547         8554.6            0.6                        8554.0    2.517060      180.0     -180.0                     360.0
18   1A5S         2.0                          66.886028  182.700   60.800   67.500   90.0   94.60   90.0    7.473856e+05                  0.089493      295.378413         4714.3            2.8                        4711.5    4.122891      180.0     -180.0                     360.0
19   1A46         2.0                          33.521910   71.300   73.090   73.820   90.0  101.12   90.0    3.774768e+05                  0.088805      237.598000         3261.4            0.0                        3261.4    2.754887      180.0     -180.0                     360.0
20   1A4W         2.0                          32.695550   71.470   72.000   73.390   90.0  101.13   90.0    3.705502e+05                  0.088235      233.453326         3927.2            0.2                        3927.0    1.921719      180.0     -180.0                     360.0
21   1AWF         2.0                          36.094770   71.920   71.840   73.010   90.0  100.39   90.0    3.710378e+05                  0.097281      302.253682         5178.8            0.3                        5178.5    1.620190      180.0     -180.0                     360.0
22   1AV4         2.0                          68.017830  158.650   64.570   93.290   90.0  113.49   90.0    8.764693e+05                  0.077604      347.612049         8912.9            0.1                        8912.8    2.683802      180.0     -180.0                     360.0
23   1AUN         2.0                          22.703960   80.140   63.690   45.610   90.0  107.18   90.0    2.224116e+05                  0.102081      195.510247         3363.8            0.1                        3363.7    1.930719      180.0     -180.0                     360.0
24   1AO7         2.0                          75.521230  229.300   49.500   96.000   90.0   89.60   90.0    1.089607e+06                  0.069311      203.079641         2112.6            0.1                        2112.5    6.891757      180.0     -180.0                     360.0
25   16GS         2.0                          48.179400   77.537   89.797   68.673   90.0   97.79   90.0    4.737294e+05                  0.101702      304.543847         6044.2            0.0                        6044.2    2.024745      180.0     -180.0                     360.0
26   1AE3         2.0                           9.815550   77.140   27.940   42.190   90.0  102.50   90.0    8.877631e+04                  0.110565      392.330457         7086.0            0.7                        7085.3    1.512817      180.0     -180.0                     360.0
27   1A3B         2.0                          35.132890   70.150   71.340   71.650   90.0  100.23   90.0    3.528722e+05                  0.099563      443.867044         5256.9            1.0                        5255.9    3.392618      180.0     -180.0                     360.0
28   183D         2.0                           3.595124   32.270   25.560   34.710   90.0  115.77   90.0    2.578224e+04                  0.139442      485.474089         4864.1            0.1                        4864.0    2.180521      180.0     -180.0                     360.0
29   15C8         2.0                          44.614620  201.000   80.500   39.300   90.0   98.70   90.0    6.285770e+05                  0.070977      440.294364         4615.9            1.3                        4614.6    1.799950      180.0     -180.0                     360.0
30   1AQV         2.0                          49.419692   80.660   90.070   69.570   90.0   99.19   90.0    4.989417e+05                  0.099049      614.903985        10919.9            0.2                       10919.7    1.014505      180.0     -180.0                     360.0
31   1ADW         2.0                          25.695740  110.000   58.400   69.200   90.0  127.00   90.0    3.550261e+05                  0.072377      159.465841         1888.5            0.3                        1888.2    5.021922      180.0     -180.0                     360.0
32   1AE2         2.0                           9.915676   76.010   28.030   42.400   90.0  103.10   90.0    8.798486e+04                  0.112698      242.887254         4388.1            0.2                        4387.9    1.803389      180.0     -180.0                     360.0
33   1A3C         2.0                          21.372780   76.700   57.700   55.000   90.0  129.00   90.0    1.891631e+05                  0.112986      257.303463         4902.6            0.2                        4902.4    1.909193      180.0     -180.0                     360.0
34   1AHT         2.0                          35.028120   71.240   72.390   73.060   90.0  101.01   90.0    3.698401e+05                  0.094712      547.398934         5528.8            1.3                        5527.5    1.855151      180.0     -180.0                     360.0
35   1A2E         2.0                           7.310252   42.890   29.980   46.570   90.0   95.98   90.0    5.955581e+04                  0.122746      255.491318         3779.6            0.2                        3779.4    1.850541      180.0     -180.0                     360.0
36   1ARO         2.0                          96.379610  273.385   95.612   63.582   90.0  101.40   90.0    1.629174e+06                  0.059159      352.329703         5935.9            0.1                        5935.8    2.079596      180.0     -180.0                     360.0
37   14GS         2.0                          40.613600   78.651   91.826   69.143   90.0   98.25   90.0    4.941973e+05                  0.082181      210.296004         4317.2            1.2                        4316.0    1.826507      180.0     -180.0                     360.0
38   1A3W         2.0                         100.380630  109.400  102.700  110.900   90.0  112.30   90.0    1.152815e+06                  0.087074      284.554296         4624.3            0.5                        4623.8    1.845671      180.0     -180.0                     360.0
39   1AFK         2.0                          29.122504  101.540   33.360   73.250   90.0   90.09   90.0    2.481249e+05                  0.117370      241.919495         4776.4            0.0                        4776.4    1.936519      180.0     -180.0                     360.0
40   1AIS         2.0                          53.604158  125.700   91.200   74.200   90.0  122.70   90.0    7.158033e+05                  0.074887      309.126455         4772.9            0.1                        4772.8    2.516092      180.0     -180.0                     360.0
41   1APU         2.0                          36.867020   97.240   46.500   65.650   90.0  115.34   90.0    2.682855e+05                  0.137417      342.164574         6949.0            1.3                        6947.7    1.508161      180.0     -180.0                     360.0
42   10GS         2.0                          46.911980   79.723   90.460   69.404   90.0   98.19   90.0    4.954190e+05                  0.094692      269.379541         4928.8            0.2                        4928.6    1.973932      180.0     -180.0                     360.0
43   175L         2.0                          35.391590  115.700   54.800   59.100   90.0  103.40   90.0    3.645140e+05                  0.097093      330.764306         2811.3            0.3                        2811.0    3.954753      180.0     -179.9                     359.9
44   1AQP         2.0                          14.516468   58.180   53.800   42.900   90.0  118.90   90.0    1.175579e+05                  0.123484      479.534548         8500.0            0.7                        8499.3    2.216662      180.0     -180.0                     360.0
45   1APT         2.0                          35.793030   97.570   46.470   66.390   90.0  116.15   90.0    2.702063e+05                  0.132466      263.478694         4259.1            0.9                        4258.2    2.094176      180.0     -180.0                     360.0
46   1A3E         2.0                          34.444820   71.204   72.041   73.012   90.0  100.93   90.0    3.677289e+05                  0.093669      261.922370         4875.8            0.7                        4875.1    1.890274      180.0     -180.0                     360.0
47   1ADQ         2.0                          65.760990  160.350   81.950   64.240   90.0   98.27   90.0    8.353793e+05                  0.078720      291.082556         4435.0            0.0                        4435.0    1.820529      180.0     -180.0                     360.0
48   1A27         2.0                          32.273802  111.380   48.540   60.770   90.0  115.13   90.0    2.974480e+05                  0.108502      418.663879         8258.5            0.4                        8258.1    2.220756      180.0     -180.0                     360.0
49   1AHP         2.0                         168.884748  173.200  112.400  121.700   90.0  119.70   90.0    2.057976e+06                  0.082064      361.373650         7080.2            0.1                        7080.1    1.541055      180.0     -180.0                     360.0
50   1ADD         2.0                          38.879470  102.390   94.280   73.020   90.0  127.05   90.0    5.625767e+05                  0.069110      230.324853         3229.5            1.1                        3228.4    2.110161      180.0     -180.0                     360.0
51   1A3G         2.0                         100.132852  135.100  144.000  102.900   90.0  136.10   90.0    1.388092e+06                  0.072137      450.871019         6567.4            0.2                        6567.2    2.094189      180.0     -180.0                     360.0
52   1AFL         2.0                          28.834624  101.930   33.440   73.690   90.0   90.08   90.0    2.511750e+05                  0.114799      286.658140         4708.9            0.4                        4708.5    1.875658      180.0     -180.0                     360.0
53   1A2C         2.0                          35.246760   71.970   72.480   72.240   90.0  100.93   90.0    3.699958e+05                  0.095263      350.299893         6991.0            0.3                        6990.7    2.703890      180.0     -180.0                     360.0
54   1APV         2.0                          36.585170   97.520   46.570   66.230   90.0  116.03   90.0    2.702738e+05                  0.135363      239.047869         4080.8            0.6                        4080.2    4.512668      180.0     -179.9                     359.9
55   12GS         2.0                          47.007900   77.912   89.427   68.945   90.0   97.47   90.0    4.762930e+05                  0.098695      419.676780         9214.6            0.0                        9214.6    2.293378      180.0     -180.0                     360.0
56   1APW         2.0                          36.857170   97.640   46.580   66.440   90.0  116.12   90.0    2.713140e+05                  0.135847      457.387523         4519.9            0.3                        4519.6    1.771539      180.0     -180.0                     360.0
57   1AQ2         2.0                          58.531102  126.190   96.610   46.860   90.0   95.80   90.0    5.683558e+05                  0.102983      265.820454         4906.7            0.2                        4906.5    3.917059      180.0     -180.0                     360.0
58   1AQD         2.0                         166.785980  134.514  134.320  131.232   90.0  104.82   90.0    2.292213e+06                  0.072762      542.678392         6824.8            0.1                        6824.7    2.642469      180.0     -180.0                     360.0
59   1AIU         2.0                          11.761020   68.360   26.760   52.180   90.0   95.02   90.0    9.508744e+04                  0.123686      264.844530         4343.0            0.0                        4343.0    2.099253      180.0     -180.0                     360.0
60   1AIX         2.0                          36.086970   69.910   71.191   71.889   90.0  100.29   90.0    3.520343e+05                  0.102510      414.988195         8669.4            0.3                        8669.1    2.285431      180.0     -180.0                     360.0
61   1A2O         2.0                          75.696720  163.830  100.460   53.120   90.0   98.63   90.0    8.643697e+05                  0.087574      127.227350         3195.4            0.1                        3195.3    2.825048      180.0     -180.0                     360.0
62   1AFA         2.0                          54.238260   80.700   84.400   97.500   90.0  104.00   90.0    6.443543e+05                  0.084175      331.223219         7042.4            1.4                        7041.0    1.531543      180.0     -180.0                     360.0
63   1A2Y         2.0                          44.009804  130.667   61.212   57.425   90.0  119.14   90.0    4.011741e+05                  0.109703      388.977059         3684.8            0.6                        3684.2    2.696258      180.0     -180.0                     360.0
64   1AI8         2.0                          36.140960   69.714   71.464   71.648   90.0   99.82   90.0    3.517234e+05                  0.102754      375.041737         3737.9            0.0                        3737.9    2.904014      180.0     -180.0                     360.0
65   1AGP         2.0                          19.125226   69.910   39.810   56.100   90.0  107.40   90.0    1.489883e+05                  0.128367      330.728464         6759.6            0.6                        6759.0    1.508079      180.0     -180.0                     360.0
66   119D         2.0                           9.184668   64.840   35.360   25.350   90.0   92.24   90.0    5.807661e+04                  0.158147      256.504923         5071.9            0.1                        5071.8    2.392394      180.0     -180.0                     360.0
67   1APX         2.0                         113.140352  132.400   53.000  170.600   90.0  107.10   90.0    1.144213e+06                  0.098881      380.442929         3994.7            0.7                        3994.0    2.932349      180.0     -180.0                     360.0
68   1AFB         2.0                          54.008330   80.800   84.500   97.100   90.0  104.30   90.0    6.424186e+05                  0.084070      212.607039         3184.7            0.8                        3183.9    2.503217      180.0     -180.0                     360.0
69   1AE8         2.0                          35.332970   71.710   72.550   73.200   90.0  100.39   90.0    3.745830e+05                  0.094326      234.174439         3925.3            0.0                        3925.3    2.712702      180.0     -180.0                     360.0
70   1AG0         2.0                          27.376400   56.500   48.900   95.500   90.0   94.00   90.0    2.632094e+05                  0.104010      378.181027         7891.4            0.7                        7890.7    1.697984      180.0     -180.0                     360.0
71   1AFU         2.0                          26.776280  101.840   33.430   73.670   90.0   90.02   90.0    2.508103e+05                  0.106759      291.078931         5100.3            0.0                        5100.3    1.875205      180.0     -180.0                     360.0
72   1AD8         2.0                          34.661240   70.550   72.050   73.000   90.0  101.00   90.0    3.642507e+05                  0.095158      258.067994         4429.4            0.4                        4429.0    1.817194      180.0     -180.0                     360.0
73   18GS         2.0                          53.135880   78.502   89.635   68.907   90.0   97.54   90.0    4.806736e+05                  0.110545      287.418121         5093.4            1.1                        5092.3    3.946565      180.0     -180.0                     360.0
74   1A3L         2.0                          48.895230  182.900   40.500   67.700   90.0  109.00   90.0    4.741628e+05                  0.103119      462.126987         8156.5            0.2                        8156.3    0.958107      180.0     -180.0                     360.0
75   1AFE         2.0                          35.110920   71.130   72.610   72.650   90.0   99.66   90.0    3.698988e+05                  0.094920      353.033139         6486.3            0.1                        6486.2    1.365469      180.0     -180.0                     360.0
76   1A04         2.0                          47.774600  156.306   38.527  106.892   90.0  131.91   90.0    4.790411e+05                  0.099730      731.487631        16223.4            0.1                       16223.3    1.213742      180.0     -180.0                     360.0
77   196D         2.0                           7.632232   62.230   24.320   40.830   90.0  126.78   90.0    4.949291e+04                  0.154209      385.830868         4043.2            1.3                        4041.9    2.882502      180.0     -180.0                     360.0
78   1A3X         2.0                          98.874124  108.300  106.400  105.500   90.0  110.80   90.0    1.136457e+06                  0.087002      471.102937         7300.2            0.6                        7299.6    1.585569      180.0     -180.0                     360.0
79   1ADL         2.0                          15.300720  120.540   37.700   28.570   90.0   92.34   90.0    1.297240e+05                  0.117948      473.988684        11789.9            0.1                       11789.8    0.991091      180.0     -180.0                     360.0
80   1AGW         2.0                          61.503570  208.360   57.080   65.530   90.0  107.54   90.0    7.431257e+05                  0.082763      308.650857         4836.9            0.5                        4836.4    1.396984      180.0     -180.0                     360.0
81   1AFD         2.0                          52.526060   80.400   84.700   98.000   90.0  105.40   90.0    6.434067e+05                  0.081637      387.982402         4073.2            1.0                        4072.2    2.904499      180.0     -180.0                     360.0
82   1AL6         2.0                          47.891732  104.430   78.480   58.450   90.0   78.89   90.0    4.700591e+05                  0.101884      202.808445         2000.8            0.2                        2000.6    4.954833      180.0     -180.0                     360.0
83   1A5H         2.0                          57.224084  151.830   60.500   62.610   90.0  110.50   90.0    5.386967e+05                  0.106227      118.861091         1435.8            1.9                        1433.9    5.085824      180.0     -179.9                     359.9
84   1AX2         2.0                          28.309690   83.930   73.170   71.310   90.0  113.36   90.0    4.020299e+05                  0.070417      286.195231         4885.4            0.1                        4885.3    1.946332      180.0     -180.0                     360.0
85   1AUC         2.0                          11.603010   67.750   26.290   51.620   90.0   95.14   90.0    9.157311e+04                  0.126708      157.871598         2445.6            0.4                        2445.2    4.770978      180.0     -180.0                     360.0
86   1AVO         2.0                         149.502150  162.600  134.300  116.200   90.0   90.60   90.0    2.537341e+06                  0.058921      332.644981         7262.0            0.4                        7261.6    1.553628      180.0     -180.0                     360.0
87   1ANK         2.0                          54.718008  109.700   73.500   79.600   90.0  131.97   90.0    4.771832e+05                  0.114669      297.266481         6796.6            0.0                        6796.6    1.637139      180.0     -180.0                     360.0
88   1A61         2.0                          33.588240   70.850   72.410   72.970   90.0  101.00   90.0    3.674763e+05                  0.091402      388.023079         7711.4            1.0                        7710.4    1.588214      180.0     -180.0                     360.0
89   1AX0         2.0                          28.365630   84.220   72.980   71.260   90.0  113.33   90.0    4.021802e+05                  0.070530      258.611110         4996.7            0.2                        4996.5    1.865669      180.0     -180.0                     360.0
90   1AX1         2.0                          28.175660   84.060   72.970   71.240   90.0  113.39   90.0    4.010671e+05                  0.070252      272.757418         2464.1            0.8                        2463.3    1.900279      180.0     -180.0                     360.0
91   1AVL         2.0                          66.001830  158.200   64.100   92.900   90.0  112.70   90.0    8.690896e+05                  0.075944      134.444741         2242.3            0.2                        2242.1    5.007052      180.0     -180.0                     360.0
92   1ABI         2.0                          36.422760   71.440   72.100   73.070   90.0  101.02   90.0    3.694306e+05                  0.098592      243.144597         4134.3            0.2                        4134.1    2.284005      180.0     -180.0                     360.0
93   1A4J         2.0                          91.690260  158.900   49.330  145.000   90.0  108.74   90.0    1.076333e+06                  0.085188      181.351727         2821.9            0.0                        2821.9    4.799910      180.0     -180.0                     360.0
94   1A6C         2.0                          52.991960  407.060  399.680  285.970   90.0  129.10   90.0    3.610597e+07                  0.001468      194.188028         7698.5            0.0                        7698.5    1.394562      180.0     -180.0                     360.0
95   165D         2.0                           6.570104   53.800   19.400   50.140   90.0  109.90   90.0    4.920727e+04                  0.133519      276.902241         4594.3            0.1                        4594.2    1.495083      180.0     -180.0                     360.0
96   1A98         2.0                          25.985920   84.166   70.927   54.051   90.0  113.40   90.0    2.961274e+05                  0.087753      320.768595         5603.4            0.1                        5603.3    1.467935      180.0     -180.0                     360.0
97   1AVK         2.0                          67.297830  158.720   64.600   93.290   90.0  112.33   90.0    8.848021e+05                  0.076060      297.939706         5079.1            0.3                        5078.8    3.986816      180.0     -179.9                     359.9
98   19GS         2.0                          49.191880   77.742   89.984   68.842   90.0   97.54   90.0    4.774227e+05                  0.103036      488.494139         8763.5            0.8                        8762.7    1.285299      180.0     -180.0                     360.0